%% Problema del calculo del limite
v=[1 10 100 500 1000 2000 4000 8000];
y=(1+(1./v)).^v
